---STARTING WITH PAIR
Testrun 0
gen	ms	perc	best
100	87964	69	[0, 3, 17, 1, 2, 16, 7, 11, 12, 15, 13, 9, 19, 20, 5]... => 10035.150106581565
200	88407	79	[0, 6, 14, 12, 13, 11, 9, 18, 20, 19, 10, 8, 5, 4, 17]... => 8825.213738756607
300	88845	83	[0, 7, 21, 17, 1, 2, 16, 3, 9, 20, 19, 11, 13, 6, 18]... => 8418.154570875413
400	89204	85	[0, 7, 2, 1, 21, 16, 3, 17, 4, 14, 11, 13, 12, 6, 5]... => 8179.771052479607
500	89579	87	[0, 7, 16, 2, 1, 21, 3, 17, 12, 13, 11, 14, 4, 6, 5]... => 8028.824892060123
600	89954	91	[0, 7, 16, 1, 2, 21, 3, 17, 12, 13, 11, 14, 4, 10, 8]... => 7667.738397581464
700	90279	93	[0, 7, 16, 1, 2, 21, 3, 17, 12, 13, 11, 14, 4, 10, 8]... => 7508.174340709627
800	90576	93	[0, 7, 16, 1, 2, 21, 3, 17, 12, 13, 11, 14, 4, 10, 8]... => 7508.174340709627
900	90873	94	[0, 7, 21, 16, 1, 2, 3, 17, 12, 11, 13, 14, 4, 10, 8]... => 7394.541545045859
1000	91212	94	[0, 7, 21, 16, 1, 2, 3, 17, 12, 11, 13, 14, 4, 10, 8]... => 7394.541545045859
1100	91540	94	[0, 7, 21, 16, 1, 2, 3, 17, 12, 11, 13, 14, 4, 10, 8]... => 7394.541545045859
1200	91837	94	[0, 7, 21, 16, 1, 2, 3, 17, 12, 11, 13, 14, 4, 10, 8]... => 7394.541545045859
1300	92180	94	[0, 7, 21, 16, 1, 2, 3, 17, 12, 11, 13, 14, 4, 10, 8]... => 7394.541545045859
1400	92476	94	[0, 7, 21, 16, 1, 2, 3, 17, 12, 11, 13, 14, 4, 10, 8]... => 7394.541545045859
1500	92758	94	[0, 7, 21, 16, 1, 2, 3, 17, 12, 11, 13, 14, 4, 10, 8]... => 7394.541545045859
1600	93039	94	[0, 7, 21, 16, 1, 2, 3, 17, 12, 11, 13, 14, 4, 10, 8]... => 7394.541545045859
1700	93306	95	[0, 7, 21, 16, 1, 2, 3, 17, 12, 11, 5, 6, 19, 20, 18]... => 7322.666516167534
1800	93572	95	[0, 7, 21, 16, 1, 2, 3, 17, 12, 11, 5, 6, 19, 20, 18]... => 7322.666516167534
1900	93775	95	[0, 7, 21, 16, 1, 2, 3, 17, 12, 11, 5, 6, 19, 20, 18]... => 7322.666516167534
2000	93978	95	[0, 7, 21, 16, 1, 2, 3, 17, 12, 11, 5, 6, 19, 20, 18]... => 7322.666516167534
2100	94181	95	[0, 7, 21, 16, 1, 2, 3, 17, 12, 11, 5, 6, 19, 20, 18]... => 7322.666516167534
2200	94378	96	[0, 7, 17, 3, 2, 1, 16, 21, 15, 19, 18, 20, 9, 8, 10]... => 7265.212740746279
2300	94581	96	[0, 7, 17, 3, 2, 1, 16, 21, 15, 19, 18, 20, 9, 8, 10]... => 7265.212740746279
2400	94753	97	[0, 7, 17, 3, 16, 1, 2, 21, 15, 19, 18, 20, 9, 8, 10]... => 7205.182644289627
2500	94956	97	[0, 7, 17, 3, 16, 1, 2, 21, 15, 19, 18, 20, 9, 8, 10]... => 7205.182644289627
2600	95174	97	[0, 7, 17, 3, 16, 1, 2, 21, 15, 19, 18, 20, 9, 8, 10]... => 7205.182644289627
2700	95396	97	[0, 7, 17, 3, 16, 1, 2, 21, 15, 19, 18, 20, 9, 8, 10]... => 7205.182644289627
2800	95630	97	[0, 7, 17, 3, 16, 1, 2, 21, 15, 19, 20, 18, 9, 8, 10]... => 7149.116601630163
2900	95833	97	[0, 7, 17, 3, 16, 1, 2, 21, 15, 19, 20, 18, 9, 8, 10]... => 7149.116601630163
3000	96005	97	[0, 7, 17, 3, 16, 1, 2, 21, 15, 19, 20, 18, 9, 8, 10]... => 7149.116601630163
3100	96208	97	[0, 7, 17, 3, 16, 1, 2, 21, 15, 19, 20, 18, 9, 8, 10]... => 7149.116601630163
3200	96400	97	[0, 7, 17, 3, 16, 1, 2, 21, 15, 19, 20, 18, 9, 8, 10]... => 7149.116601630163
3300	96603	97	[0, 7, 17, 3, 16, 1, 2, 21, 15, 19, 20, 18, 9, 8, 10]... => 7149.116601630163
3400	96759	97	[0, 7, 17, 3, 16, 1, 2, 21, 15, 19, 20, 18, 9, 8, 10]... => 7149.116601630163
3500	96931	97	[0, 7, 17, 3, 16, 1, 2, 21, 15, 19, 20, 18, 9, 8, 10]... => 7149.116601630163
3600	97087	97	[0, 7, 17, 3, 16, 1, 2, 21, 15, 19, 20, 18, 9, 8, 10]... => 7149.116601630163
3700	97285	97	[0, 7, 17, 3, 16, 1, 2, 21, 15, 19, 20, 18, 9, 8, 10]... => 7149.116601630163
3800	97441	97	[0, 7, 17, 3, 16, 1, 2, 21, 15, 19, 20, 18, 9, 8, 10]... => 7149.116601630163
3900	97629	97	[0, 7, 17, 3, 16, 1, 2, 21, 15, 19, 20, 18, 9, 8, 10]... => 7149.116601630163
4000	97847	97	[0, 7, 17, 3, 16, 1, 2, 21, 15, 19, 20, 18, 9, 8, 10]... => 7149.116601630163
4100	98035	97	[0, 7, 17, 3, 16, 1, 2, 21, 15, 19, 20, 18, 9, 8, 10]... => 7149.116601630163
4200	98207	97	[0, 7, 17, 3, 16, 1, 2, 21, 15, 19, 20, 18, 9, 8, 10]... => 7149.116601630163
4300	98380	97	[0, 7, 17, 3, 16, 1, 2, 21, 15, 19, 20, 18, 9, 8, 10]... => 7149.116601630163
4400	98583	97	[0, 7, 17, 3, 16, 1, 2, 21, 15, 19, 20, 18, 9, 8, 10]... => 7149.116601630163
4500	98802	97	[0, 7, 17, 3, 16, 1, 2, 21, 15, 19, 20, 18, 9, 8, 10]... => 7149.116601630163
4600	98974	97	[0, 7, 17, 3, 16, 1, 2, 21, 15, 19, 20, 18, 9, 8, 10]... => 7149.116601630163
4700	99193	98	[0, 7, 17, 3, 16, 1, 2, 21, 15, 20, 19, 18, 9, 8, 10]... => 7133.125836505977
4800	99460	98	[0, 7, 17, 3, 16, 1, 2, 21, 15, 20, 19, 18, 9, 8, 10]... => 7133.125836505977
4900	99648	98	[0, 7, 17, 3, 16, 1, 2, 21, 15, 20, 19, 18, 9, 8, 10]... => 7133.125836505977
5000	99851	99	[0, 7, 17, 3, 21, 16, 1, 2, 15, 19, 20, 18, 9, 8, 10]... => 7020.0870393796395
5100	100069	99	[0, 7, 17, 3, 21, 16, 1, 2, 15, 19, 20, 18, 9, 8, 10]... => 7020.0870393796395
5200	100280	99	[0, 7, 17, 3, 21, 16, 1, 2, 15, 19, 20, 18, 9, 8, 10]... => 7020.0870393796395
5300	100483	99	[0, 7, 17, 3, 21, 16, 1, 2, 15, 19, 20, 18, 9, 8, 10]... => 7020.0870393796395
5400	100670	99	[0, 7, 17, 3, 21, 16, 1, 2, 15, 19, 20, 18, 9, 8, 10]... => 7020.0870393796395
5500	100826	99	[0, 7, 17, 3, 21, 16, 1, 2, 15, 19, 20, 18, 9, 8, 10]... => 7020.0870393796395
5600	101108	99	[0, 7, 17, 3, 21, 16, 1, 2, 15, 19, 20, 18, 9, 8, 10]... => 7020.0870393796395
5700	101271	99	[0, 7, 17, 3, 21, 16, 1, 2, 15, 19, 20, 18, 9, 8, 10]... => 7020.0870393796395
5800	101474	99	[0, 7, 17, 3, 21, 16, 1, 2, 15, 19, 20, 18, 9, 8, 10]... => 7020.0870393796395
5900	101646	99	[0, 7, 17, 3, 21, 16, 1, 2, 15, 19, 20, 18, 9, 8, 10]... => 7020.0870393796395
6000	101802	99	[0, 7, 17, 3, 21, 16, 1, 2, 15, 19, 20, 18, 9, 8, 10]... => 7020.0870393796395
6100	101958	99	[0, 7, 17, 3, 21, 16, 1, 2, 15, 19, 20, 18, 9, 8, 10]... => 7020.0870393796395
6200	102115	99	[0, 7, 17, 3, 21, 16, 1, 2, 15, 19, 20, 18, 9, 8, 10]... => 7020.0870393796395
6300	102307	99	[0, 7, 17, 3, 21, 16, 1, 2, 15, 19, 20, 18, 9, 8, 10]... => 7020.0870393796395
6400	102479	99	[0, 7, 17, 3, 21, 16, 1, 2, 15, 20, 19, 18, 9, 8, 10]... => 7004.096274255453
6500	102635	99	[0, 7, 17, 3, 21, 16, 1, 2, 15, 20, 19, 18, 9, 8, 10]... => 7004.096274255453
6600	102807	99	[0, 7, 17, 3, 21, 16, 1, 2, 15, 20, 19, 18, 9, 8, 10]... => 7004.096274255453
6700	102963	99	[0, 7, 17, 3, 21, 16, 1, 2, 15, 20, 19, 18, 9, 8, 10]... => 7004.096274255453
6800	103135	99	[0, 7, 17, 3, 21, 16, 1, 2, 15, 20, 19, 18, 9, 8, 10]... => 7004.096274255453
6900	103334	99	[0, 7, 17, 3, 21, 16, 1, 2, 15, 20, 19, 18, 9, 8, 10]... => 7004.096274255453
7000	103537	99	[0, 7, 17, 3, 21, 16, 1, 2, 15, 20, 19, 18, 9, 8, 10]... => 7004.096274255453
7100	103725	99	[0, 7, 17, 3, 21, 16, 1, 2, 15, 20, 19, 18, 9, 8, 10]... => 7004.096274255453
7200	103881	99	[0, 7, 17, 3, 21, 16, 1, 2, 15, 20, 19, 18, 9, 8, 10]... => 7004.096274255453
7300	104068	99	[0, 7, 17, 3, 21, 16, 1, 2, 15, 20, 19, 18, 9, 8, 10]... => 7004.096274255453
7400	104240	99	[0, 7, 17, 3, 21, 16, 1, 2, 15, 20, 19, 18, 9, 8, 10]... => 7004.096274255453
7500	104401	99	[0, 7, 17, 3, 21, 16, 1, 2, 15, 20, 19, 18, 9, 8, 10]... => 7004.096274255453
7600	104573	99	[0, 7, 17, 3, 21, 16, 1, 2, 15, 20, 19, 18, 9, 8, 10]... => 7004.096274255453
7700	104744	99	[0, 7, 17, 3, 21, 16, 1, 2, 15, 20, 19, 18, 9, 8, 10]... => 7004.096274255453
7800	104948	99	[0, 7, 17, 3, 21, 16, 1, 2, 15, 20, 19, 18, 9, 8, 10]... => 7004.096274255453
7900	105135	99	[0, 7, 17, 3, 21, 16, 1, 2, 15, 20, 19, 18, 9, 8, 10]... => 7004.096274255453
8000	105359	99	[0, 7, 17, 3, 21, 16, 1, 2, 15, 20, 19, 18, 9, 8, 10]... => 7004.096274255453
8100	105516	99	[0, 7, 17, 3, 21, 16, 1, 2, 15, 20, 19, 18, 9, 8, 10]... => 7004.096274255453
8200	105719	99	[0, 7, 17, 3, 21, 16, 1, 2, 15, 20, 19, 18, 9, 8, 10]... => 7004.096274255453
8300	105906	99	[0, 7, 17, 3, 21, 16, 1, 2, 15, 20, 19, 18, 9, 8, 10]... => 7004.096274255453
8400	106078	99	[0, 7, 17, 3, 21, 16, 1, 2, 15, 20, 19, 18, 9, 8, 10]... => 7004.096274255453
8500	106250	99	[0, 7, 17, 3, 21, 16, 1, 2, 15, 20, 19, 18, 9, 8, 10]... => 7004.096274255453
8600	106408	99	[0, 7, 17, 3, 21, 16, 1, 2, 15, 20, 19, 18, 9, 8, 10]... => 7004.096274255453
8700	106579	99	[0, 7, 17, 3, 21, 16, 1, 2, 15, 20, 19, 18, 9, 8, 10]... => 7004.096274255453
8800	106751	99	[0, 7, 17, 3, 21, 16, 1, 2, 15, 20, 19, 18, 9, 8, 10]... => 7004.096274255453
8900	106923	99	[0, 7, 17, 3, 21, 16, 1, 2, 15, 20, 19, 18, 9, 8, 10]... => 7004.096274255453
9000	107126	99	[0, 7, 17, 3, 21, 16, 1, 2, 15, 20, 19, 18, 9, 8, 10]... => 7004.096274255453
9100	107329	99	[0, 7, 17, 3, 21, 16, 1, 2, 15, 20, 19, 18, 9, 8, 10]... => 7004.096274255453
9200	107509	99	[0, 7, 17, 3, 21, 16, 1, 2, 15, 20, 19, 18, 9, 8, 10]... => 7004.096274255453
9300	107728	99	[0, 7, 17, 3, 21, 16, 1, 2, 15, 20, 19, 18, 9, 8, 10]... => 7004.096274255453
9400	107931	99	[0, 7, 17, 3, 21, 16, 1, 2, 15, 20, 19, 18, 9, 8, 10]... => 7004.096274255453
9500	108165	99	[0, 7, 17, 3, 21, 16, 1, 2, 15, 20, 19, 18, 9, 8, 10]... => 7004.096274255453
9600	108321	99	[0, 7, 17, 3, 21, 16, 1, 2, 15, 20, 19, 18, 9, 8, 10]... => 7004.096274255453
9700	108517	99	[0, 7, 17, 3, 21, 16, 1, 2, 15, 20, 19, 18, 9, 8, 10]... => 7004.096274255453
9800	108688	99	[0, 7, 17, 3, 21, 16, 1, 2, 15, 20, 19, 18, 9, 8, 10]... => 7004.096274255453
9900	108860	99	[0, 7, 17, 3, 21, 16, 1, 2, 15, 20, 19, 18, 9, 8, 10]... => 7004.096274255453
10000	109032	99	[0, 7, 17, 3, 21, 16, 1, 2, 15, 20, 19, 18, 9, 8, 10]... => 7004.096274255453
10100	109235	99	[0, 7, 17, 3, 21, 16, 1, 2, 15, 20, 19, 18, 9, 8, 10]... => 7004.096274255453
10200	109459	99	[0, 7, 17, 3, 21, 16, 1, 2, 15, 20, 19, 18, 9, 8, 10]... => 7004.096274255453
10300	109631	99	[0, 7, 17, 3, 21, 16, 1, 2, 15, 20, 19, 18, 9, 8, 10]... => 7004.096274255453
10400	109818	99	[0, 7, 17, 3, 21, 16, 1, 2, 15, 20, 19, 18, 9, 8, 10]... => 7004.096274255453
10500	109990	99	[0, 7, 17, 3, 21, 16, 1, 2, 15, 20, 19, 18, 9, 8, 10]... => 7004.096274255453
10600	110178	99	[0, 7, 17, 3, 21, 16, 1, 2, 15, 20, 19, 18, 9, 8, 10]... => 7004.096274255453
10700	110365	99	[0, 7, 17, 3, 21, 16, 1, 2, 15, 20, 19, 18, 9, 8, 10]... => 7004.096274255453
10800	110540	99	[0, 7, 17, 3, 21, 16, 1, 2, 15, 20, 19, 18, 9, 8, 10]... => 7004.096274255453
10900	110712	99	[0, 7, 17, 3, 21, 16, 1, 2, 15, 20, 19, 18, 9, 8, 10]... => 7004.096274255453
11000	110868	99	[0, 7, 17, 3, 21, 16, 1, 2, 15, 20, 19, 18, 9, 8, 10]... => 7004.096274255453
11100	111024	99	[0, 7, 17, 3, 21, 16, 1, 2, 15, 20, 19, 18, 9, 8, 10]... => 7004.096274255453
11200	111180	99	[0, 7, 17, 3, 21, 16, 1, 2, 15, 20, 19, 18, 9, 8, 10]... => 7004.096274255453
11300	111352	99	[0, 7, 17, 3, 21, 16, 1, 2, 15, 20, 19, 18, 9, 8, 10]... => 7004.096274255453
11400	111508	99	[0, 7, 17, 3, 21, 16, 1, 2, 15, 20, 19, 18, 9, 8, 10]... => 7004.096274255453
11500	111664	99	[0, 7, 17, 3, 21, 16, 1, 2, 15, 20, 19, 18, 9, 8, 10]... => 7004.096274255453
11600	111821	99	[0, 7, 17, 3, 21, 16, 1, 2, 15, 20, 19, 18, 9, 8, 10]... => 7004.096274255453
11700	111977	99	[0, 7, 17, 3, 21, 16, 1, 2, 15, 20, 19, 18, 9, 8, 10]... => 7004.096274255453
11800	112133	99	[0, 7, 17, 3, 21, 16, 1, 2, 15, 20, 19, 18, 9, 8, 10]... => 7004.096274255453
11900	112352	99	[0, 7, 17, 3, 21, 16, 1, 2, 15, 20, 19, 18, 9, 8, 10]... => 7004.096274255453
12000	112544	99	[0, 7, 17, 3, 21, 16, 1, 2, 15, 20, 19, 18, 9, 8, 10]... => 7004.096274255453
12100	112716	99	[0, 7, 17, 3, 21, 16, 1, 2, 15, 20, 19, 18, 9, 8, 10]... => 7004.096274255453
12200	112904	99	[0, 7, 17, 3, 21, 16, 1, 2, 15, 20, 19, 18, 9, 8, 10]... => 7004.096274255453
12300	113076	99	[0, 7, 17, 3, 21, 16, 1, 2, 15, 20, 19, 18, 9, 8, 10]... => 7004.096274255453
12400	113248	99	[0, 7, 17, 3, 21, 16, 1, 2, 15, 20, 19, 18, 9, 8, 10]... => 7004.096274255453
12500	113451	99	[0, 7, 17, 3, 21, 16, 1, 2, 15, 20, 19, 18, 9, 8, 10]... => 7004.096274255453
12600	113628	99	[0, 7, 17, 3, 21, 16, 1, 2, 15, 20, 19, 18, 9, 8, 10]... => 7004.096274255453
12700	113784	99	[0, 7, 17, 3, 21, 16, 1, 2, 15, 20, 19, 18, 9, 8, 10]... => 7004.096274255453
12800	113956	99	[0, 7, 17, 3, 21, 16, 1, 2, 15, 20, 19, 18, 9, 8, 10]... => 7004.096274255453
12900	114128	99	[0, 7, 17, 3, 21, 16, 1, 2, 15, 20, 19, 18, 9, 8, 10]... => 7004.096274255453
13000	114362	99	[0, 7, 17, 3, 21, 16, 1, 2, 15, 20, 19, 18, 9, 8, 10]... => 7004.096274255453
13100	114582	99	[0, 7, 17, 3, 21, 16, 1, 2, 15, 20, 19, 18, 9, 8, 10]... => 7004.096274255453
13200	114786	99	[0, 7, 17, 3, 21, 16, 1, 2, 15, 20, 19, 18, 9, 8, 10]... => 7004.096274255453
13300	114957	99	[0, 7, 17, 3, 21, 16, 1, 2, 15, 20, 19, 18, 9, 8, 10]... => 7004.096274255453
13400	115161	99	[0, 7, 17, 3, 21, 16, 1, 2, 15, 20, 19, 18, 9, 8, 10]... => 7004.096274255453
13500	115317	99	[0, 7, 17, 3, 21, 16, 1, 2, 15, 20, 19, 18, 9, 8, 10]... => 7004.096274255453
13600	115498	99	[0, 7, 17, 3, 21, 16, 1, 2, 15, 20, 19, 18, 9, 8, 10]... => 7004.096274255453
13700	115685	99	[0, 7, 17, 3, 21, 16, 1, 2, 15, 20, 19, 18, 9, 8, 10]... => 7004.096274255453
13800	115920	99	[0, 7, 17, 3, 21, 16, 1, 2, 15, 20, 19, 18, 9, 8, 10]... => 7004.096274255453
13900	116170	99	[0, 7, 17, 3, 21, 16, 1, 2, 15, 20, 19, 18, 9, 8, 10]... => 7004.096274255453
14000	116357	99	[0, 7, 17, 3, 21, 16, 1, 2, 15, 20, 19, 18, 9, 8, 10]... => 7004.096274255453
14100	116548	99	[0, 7, 17, 3, 21, 16, 1, 2, 15, 20, 19, 18, 9, 8, 10]... => 7004.096274255453
14200	116767	99	[0, 7, 17, 3, 21, 16, 1, 2, 15, 20, 19, 18, 9, 8, 10]... => 7004.096274255453
14300	116985	99	[0, 7, 17, 3, 21, 16, 1, 2, 15, 20, 19, 18, 9, 8, 10]... => 7004.096274255453
14400	117173	99	[0, 7, 17, 3, 21, 16, 1, 2, 15, 20, 19, 18, 9, 8, 10]... => 7004.096274255453
14500	117423	99	[0, 7, 17, 3, 21, 16, 1, 2, 15, 20, 19, 18, 9, 8, 10]... => 7004.096274255453
14600	117625	99	[0, 7, 17, 3, 21, 16, 1, 2, 15, 20, 19, 18, 9, 8, 10]... => 7004.096274255453
14700	117796	99	[0, 7, 17, 3, 21, 16, 1, 2, 15, 20, 19, 18, 9, 8, 10]... => 7004.096274255453
14800	117968	99	[0, 7, 17, 3, 21, 16, 1, 2, 15, 20, 19, 18, 9, 8, 10]... => 7004.096274255453
14900	118140	99	[0, 7, 17, 3, 21, 16, 1, 2, 15, 20, 19, 18, 9, 8, 10]... => 7004.096274255453
15000	118343	99	[0, 7, 17, 3, 21, 16, 1, 2, 15, 20, 19, 18, 9, 8, 10]... => 7004.096274255453
15100	118531	99	[0, 7, 17, 3, 21, 16, 1, 2, 15, 20, 19, 18, 9, 8, 10]... => 7004.096274255453
15200	118738	99	[0, 7, 17, 3, 21, 16, 1, 2, 15, 20, 19, 18, 9, 8, 10]... => 7004.096274255453
15300	118894	99	[0, 7, 17, 3, 21, 16, 1, 2, 15, 20, 19, 18, 9, 8, 10]... => 7004.096274255453
15400	119082	99	[0, 7, 17, 3, 21, 16, 1, 2, 15, 20, 19, 18, 9, 8, 10]... => 7004.096274255453
15500	119254	99	[0, 7, 17, 3, 21, 16, 1, 2, 15, 20, 19, 18, 9, 8, 10]... => 7004.096274255453
15600	119457	99	[0, 7, 17, 3, 21, 16, 1, 2, 15, 20, 19, 18, 9, 8, 10]... => 7004.096274255453
15700	119640	99	[0, 7, 17, 3, 21, 16, 1, 2, 15, 20, 19, 18, 9, 8, 10]... => 7004.096274255453
15800	119827	99	[0, 7, 17, 3, 21, 16, 1, 2, 15, 20, 19, 18, 9, 8, 10]... => 7004.096274255453
15900	120030	99	[0, 7, 17, 3, 21, 16, 1, 2, 15, 20, 19, 18, 9, 8, 10]... => 7004.096274255453
16000	120202	99	[0, 7, 17, 3, 21, 16, 1, 2, 15, 20, 19, 18, 9, 8, 10]... => 7004.096274255453
16100	120359	99	[0, 7, 17, 3, 21, 16, 1, 2, 15, 20, 19, 18, 9, 8, 10]... => 7004.096274255453
16200	120499	99	[0, 7, 17, 3, 21, 16, 1, 2, 15, 20, 19, 18, 9, 8, 10]... => 7004.096274255453
16300	120672	99	[0, 7, 17, 3, 21, 16, 1, 2, 15, 20, 19, 18, 9, 8, 10]... => 7004.096274255453
16400	120859	99	[0, 7, 17, 3, 21, 16, 1, 2, 15, 20, 19, 18, 9, 8, 10]... => 7004.096274255453
16500	121031	99	[0, 7, 17, 3, 21, 16, 1, 2, 15, 20, 19, 18, 9, 8, 10]... => 7004.096274255453
16600	121203	99	[0, 7, 17, 3, 21, 16, 1, 2, 15, 20, 19, 18, 9, 8, 10]... => 7004.096274255453
16700	121359	99	[0, 7, 17, 3, 21, 16, 1, 2, 15, 20, 19, 18, 9, 8, 10]... => 7004.096274255453
16800	121531	99	[0, 7, 17, 3, 21, 16, 1, 2, 15, 20, 19, 18, 9, 8, 10]... => 7004.096274255453
16900	121702	99	[0, 7, 17, 3, 21, 16, 1, 2, 15, 20, 19, 18, 9, 8, 10]... => 7004.096274255453
17000	121842	99	[0, 7, 17, 3, 21, 16, 1, 2, 15, 20, 19, 18, 9, 8, 10]... => 7004.096274255453
17100	122014	99	[0, 7, 17, 3, 21, 16, 1, 2, 15, 20, 19, 18, 9, 8, 10]... => 7004.096274255453
17200	122170	99	[0, 7, 17, 3, 21, 16, 1, 2, 15, 20, 19, 18, 9, 8, 10]... => 7004.096274255453
17300	122358	99	[0, 7, 17, 3, 21, 16, 1, 2, 15, 20, 19, 18, 9, 8, 10]... => 7004.096274255453
17400	122530	99	[0, 7, 17, 3, 21, 16, 1, 2, 15, 20, 19, 18, 9, 8, 10]... => 7004.096274255453
17500	122695	99	[0, 7, 17, 3, 21, 16, 1, 2, 15, 20, 19, 18, 9, 8, 10]... => 7004.096274255453
17600	122867	99	[0, 7, 17, 3, 21, 16, 1, 2, 15, 20, 19, 18, 9, 8, 10]... => 7004.096274255453
17700	123054	99	[0, 7, 17, 3, 21, 16, 1, 2, 15, 20, 19, 18, 9, 8, 10]... => 7004.096274255453
17800	123195	99	[0, 7, 17, 3, 21, 16, 1, 2, 15, 20, 19, 18, 9, 8, 10]... => 7004.096274255453
17900	123367	99	[0, 7, 17, 3, 21, 16, 1, 2, 15, 20, 19, 18, 9, 8, 10]... => 7004.096274255453
18000	123507	99	[0, 7, 17, 3, 21, 16, 1, 2, 15, 20, 19, 18, 9, 8, 10]... => 7004.096274255453
18100	123698	99	[0, 7, 17, 3, 21, 16, 1, 2, 15, 20, 19, 18, 9, 8, 10]... => 7004.096274255453
18200	123886	99	[0, 7, 17, 3, 21, 16, 1, 2, 15, 20, 19, 18, 9, 8, 10]... => 7004.096274255453
18300	124058	99	[0, 7, 17, 3, 21, 16, 1, 2, 15, 20, 19, 18, 9, 8, 10]... => 7004.096274255453
18400	124198	99	[0, 7, 17, 3, 21, 16, 1, 2, 15, 20, 19, 18, 9, 8, 10]... => 7004.096274255453
18500	124354	99	[0, 7, 17, 3, 21, 16, 1, 2, 15, 20, 19, 18, 9, 8, 10]... => 7004.096274255453
18600	124511	99	[0, 7, 17, 3, 21, 16, 1, 2, 15, 20, 19, 18, 9, 8, 10]... => 7004.096274255453
18700	124666	99	[0, 7, 17, 3, 21, 16, 1, 2, 15, 20, 19, 18, 9, 8, 10]... => 7004.096274255453
18800	124838	99	[0, 7, 17, 3, 21, 16, 1, 2, 15, 20, 19, 18, 9, 8, 10]... => 7004.096274255453
18900	124994	99	[0, 7, 17, 3, 21, 16, 1, 2, 15, 20, 19, 18, 9, 8, 10]... => 7004.096274255453
19000	125151	99	[0, 7, 17, 3, 21, 16, 1, 2, 15, 20, 19, 18, 9, 8, 10]... => 7004.096274255453
19100	125307	99	[0, 7, 17, 3, 21, 16, 1, 2, 15, 20, 19, 18, 9, 8, 10]... => 7004.096274255453
19200	125463	99	[0, 7, 17, 3, 21, 16, 1, 2, 15, 20, 19, 18, 9, 8, 10]... => 7004.096274255453
19300	125635	99	[0, 7, 17, 3, 21, 16, 1, 2, 15, 20, 19, 18, 9, 8, 10]... => 7004.096274255453
19400	125795	99	[0, 7, 17, 3, 21, 16, 1, 2, 15, 20, 19, 18, 9, 8, 10]... => 7004.096274255453
19500	125951	99	[0, 7, 17, 3, 21, 16, 1, 2, 15, 20, 19, 18, 9, 8, 10]... => 7004.096274255453
19600	126123	99	[0, 7, 17, 3, 21, 16, 1, 2, 15, 20, 19, 18, 9, 8, 10]... => 7004.096274255453
19700	126295	99	[0, 7, 17, 3, 21, 16, 1, 2, 15, 20, 19, 18, 9, 8, 10]... => 7004.096274255453
19800	126451	99	[0, 7, 17, 3, 21, 16, 1, 2, 15, 20, 19, 18, 9, 8, 10]... => 7004.096274255453
19900	126592	99	[0, 7, 17, 3, 21, 16, 1, 2, 15, 20, 19, 18, 9, 8, 10]... => 7004.096274255453
20000	126766	99	[0, 7, 17, 3, 21, 16, 1, 2, 15, 20, 19, 18, 9, 8, 10]... => 7004.096274255453
20100	126922	99	[0, 7, 17, 3, 21, 16, 1, 2, 15, 20, 19, 18, 9, 8, 10]... => 7004.096274255453

---FINISHED!
generations,population,avgPercentage
20000,1000,0.0
